237 
311 
237 
311 
237 
311 
237 
311 
237 
311 
237 
311 
237 
311 
237 
311 
237 
311 
237 
311 
237 
311 
237 
311 
237 
311 
237 
311 
237 
311 
237 
311 
237 
311 
237 
311 
237 
311 
237 
311 
237 
311 
237 
311 
237 
311 
237 
311 
237 
311 
237 
311 
237 
311 
237 
311 
237 
311 
237 
311 
237 
311 
237 
311 
237 
311 
239 
309 
242 
306 
242 
306 
256 
292 
256 
292 
256 
292 
268 
280 
268 
280 
268 
280 
280 
268 
280 
268 
280 
268 
282 
266 
282 
266 
282 
266 
281 
267 
281 
267 
269 
279 
269 
279 
269 
279 
254 
294 
254 
294 
254 
294 
237 
315 
237 
315 
237 
315 
237 
328 
237 
328 
237 
328 
237 
346 
237 
346 
237 
346 
237 
354 
237 
354 
237 
354 
237 
365 
237 
365 
237 
365 
237 
365 
237 
365 
237 
365 
237 
365 
237 
351 
237 
351 
237 
351 
254 
294 
254 
294 
254 
294 
288 
260 
288 
260 
288 
260 
306 
242 
306 
242 
306 
242 
322 
226 
322 
226 
322 
226 
326 
222 
326 
222 
326 
222 
326 
222 
326 
222 
305 
243 
305 
243 
305 
243 
264 
284 
264 
284 
264 
284 
242 
306 
242 
306 
242 
306 
237 
312 
237 
312 
237 
314 
237 
314 
237 
314 
237 
313 
237 
313 
248 
300 
248 
300 
248 
300 
258 
290 
258 
290 
258 
290 
260 
288 
260 
288 
260 
288 
263 
285 
263 
285 
267 
281 
267 
281 
262 
286 
262 
286 
262 
286 
245 
303 
245 
303 
245 
303 
237 
326 
237 
326 
237 
326 
237 
341 
237 
341 
237 
341 
237 
360 
237 
360 
237 
360 
237 
372 
237 
372 
237 
372 
237 
381 
237 
381 
237 
383 
237 
383 
237 
383 
237 
383 
237 
387 
237 
387 
237 
387 
237 
386 
237 
386 
237 
345 
237 
345 
237 
345 
248 
300 
248 
300 
248 
300 
289 
259 
289 
259 
289 
259 
311 
237 
311 
237 
311 
237 
311 
237 
311 
237 
314 
234 
314 
234 
314 
234 
314 
234 
314 
234 
314 
234 
314 
234 
314 
234 
314 
234 
314 
234 
314 
234 
314 
234 
314 
234 
314 
234 
314 
234 
314 
234 
314 
234 
314 
234 
314 
234 
314 
234 
314 
234 
314 
234 
314 
234 
314 
234 
314 
234 
314 
234 
314 
234 
314 
234 
314 
234 
314 
234 
314 
234 
314 
234 
314 
234 
314 
234 
314 
234 
314 
234 
314 
234 
314 
234 
237 
311 
237 
311 
237 
311 
237 
311 
237 
311 
237 
311 
237 
311 
237 
311 
237 
311 
237 
311 
237 
311 
237 
311 
237 
311 
237 
311 
237 
311 
237 
311 
237 
311 
237 
311 
237 
311 
237 
311 
237 
311 
237 
311 
237 
311 
237 
311 
237 
311 
237 
311 
237 
311 
237 
311 
237 
311 
237 
311 
237 
311 
237 
311 
237 
311 
237 
311 
237 
311 
237 
311 
237 
311 
237 
311 
237 
311 
237 
311 
237 
311 
237 
311 
237 
311 
237 
311 
237 
311 
237 
311 
237 
311 
237 
311 
237 
311 
237 
311 
237 
311 
237 
311 
237 
311 
237 
311 
237 
311 
237 
311 
237 
311 
237 
311 
237 
311 
237 
311 
237 
311 
237 
311 
237 
311 
237 
311 
238 
310 
240 
308 
241 
307 
244 
304 
244 
304 
257 
291 
257 
291 
257 
291 
264 
284 
264 
284 
264 
284 
266 
282 
266 
282 
266 
282 
270 
278 
270 
278 
275 
273 
275 
273 
277 
271 
274 
274 
274 
274 
274 
274 
277 
271 
277 
271 
277 
271 
283 
265 
283 
265 
289 
259 
289 
259 
292 
256 
292 
256 
292 
256 
289 
259 
289 
259 
289 
259 
289 
259 
289 
259 
289 
259 
289 
259 
289 
259 
289 
259 
289 
259 
289 
259 
289 
259 
289 
259 
289 
259 
289 
259 
289 
259 
289 
259 
289 
259 
289 
259 
289 
259 
289 
259 
289 
259 
289 
259 
289 
259 
289 
259 
289 
259 
289 
259 
289 
259 
289 
259 
289 
259 
289 
259 
289 
259 
289 
259 
289 
259 
289 
259 
289 
259 
289 
259 
289 
259 
289 
259 
289 
259 
289 
259 
289 
259 
289 
259 
289 
259 
289 
259 
289 
259 
289 
259 
289 
259 
289 
259 
289 
259 
281 
267 
281 
267 
281 
267 
263 
285 
263 
285 
263 
285 
249 
299 
249 
299 
249 
299 
237 
317 
237 
317 
237 
317 
237 
329 
237 
329 
237 
329 
237 
339 
237 
339 
237 
339 
237 
344 
237 
344 
237 
344 
237 
330 
237 
330 
237 
330 
237 
319 
237 
319 
237 
319 
237 
312 
237 
312 
237 
312 
246 
302 
246 
302 
246 
302 
257 
291 
257 
291 
257 
291 
271 
277 
271 
277 
271 
277 
283 
265 
283 
265 
283 
265 
295 
253 
295 
253 
295 
253 
305 
243 
305 
243 
305 
243 
315 
233 
315 
233 
317 
231 
317 
231 
291 
257 
291 
257 
291 
257 
271 
277 
271 
277 
271 
277 
259 
289 
259 
289 
259 
289 
253 
295 
253 
295 
253 
295 
251 
297 
251 
297 
248 
300 
247 
301 
246 
302 
246 
302 
246 
302 
246 
302 
246 
302 
247 
301 
247 
301 
249 
299 
249 
299 
249 
299 
253 
295 
253 
295 
257 
291 
257 
291 
257 
291 
258 
290 
258 
290 
263 
285 
263 
285 
265 
283 
265 
283 
273 
275 
273 
275 
273 
275 
274 
274 
278 
270 
278 
270 
278 
270 
282 
266 
282 
266 
282 
266 
289 
259 
289 
259 
289 
259 
291 
257 
291 
257 
291 
257 
294 
254 
294 
254 
294 
254 
299 
249 
299 
249 
299 
249 
304 
244 
304 
244 
307 
241 
308 
240 
310 
238 
311 
237 
311 
237 
310 
238 
310 
238 
300 
248 
300 
248 
300 
248 
292 
256 
292 
256 
292 
256 
290 
258 
285 
263 
285 
263 
285 
263 
278 
270 
278 
270 
278 
270 
272 
276 
272 
276 
272 
276 
270 
278 
263 
285 
263 
285 
263 
285 
252 
296 
252 
296 
252 
296 
248 
300 
248 
300 
249 
299 
249 
299 
259 
289 
259 
289 
259 
289 
266 
282 
266 
282 
266 
282 
268 
280 
268 
280 
271 
277 
273 
275 
274 
274 
276 
272 
277 
271 
279 
269 
280 
268 
282 
266 
284 
264 
284 
264 
291 
257 
291 
257 
291 
257 
291 
257 
291 
257 
291 
257 
291 
257 
291 
257 
291 
257 
291 
257 
291 
257 
237 
311 
237 
311 
237 
311 
237 
311 
237 
311 
237 
311 
237 
311 
237 
311 
237 
311 
237 
311 
237 
311 
237 
311 
237 
311 
237 
311 
237 
311 
237 
311 
237 
311 
237 
311 
237 
311 
237 
311 
237 
311 
237 
311 
237 
311 
237 
311 
237 
311 
237 
311 
237 
311 
237 
311 
237 
311 
237 
311 
237 
311 
237 
311 
237 
311 
237 
311 
237 
311 
237 
311 
237 
311 
237 
311 
237 
311 
237 
311 
237 
311 
237 
311 
237 
311 
237 
311 
237 
311 
237 
311 
237 
311 
237 
311 
237 
311 
237 
311 
237 
311 
237 
311 
237 
311 
237 
311 
237 
311 
237 
311 
237 
311 
237 
311 
237 
311 
237 
311 
237 
311 
237 
311 
237 
311 
237 
311 
237 
311 
237 
311 
237 
311 
237 
311 
237 
311 
237 
311 
237 
311 
237 
311 
237 
311 
237 
312 
237 
312 
237 
331 
237 
331 
237 
331 
237 
356 
237 
356 
237 
356 
237 
378 
237 
378 
237 
378 
237 
394 
237 
394 
237 
394 
237 
404 
237 
404 
237 
404 
237 
404 
237 
404 
237 
404 
237 
404 
237 
404 
237 
404 
237 
404 
237 
404 
237 
404 
237 
404 
237 
404 
237 
311 
237 
311 
237 
311 
237 
311 
237 
311 
237 
311 
237 
311 
237 
311 
237 
311 
237 
311 
237 
311 
237 
311 
237 
311 
237 
311 
288 
260 
310 
238 
310 
238 
310 
238 
310 
238 
310 
238 
310 
238 
310 
238 
310 
238 
310 
238 
237 
338 
237 
338 
237 
338 
237 
338 
237 
338 
237 
338 
237 
338 
237 
338 
237 
338 
237 
338 
237 
338 
237 
338 
237 
338 
260 
288 
260 
288 
260 
288 
260 
288 
260 
288 
260 
288 
260 
288 
260 
288 
260 
288 
260 
288 
260 
288 
260 
288 
260 
288 
260 
288 
260 
288 
260 
288 
260 
288 
260 
288 
260 
288 
260 
288 
260 
288 
260 
288 
260 
288 
260 
288 
260 
288 
260 
288 
260 
288 
260 
288 
260 
288 
260 
288 
260 
288 
260 
288 
260 
288 
260 
288 
260 
288 
260 
288 
260 
288 
260 
288 
260 
288 
260 
288 
260 
288 
260 
288 
260 
288 
260 
288 
260 
288 
260 
288 
260 
288 
260 
288 
260 
288 
260 
288 
260 
288 
354 
194 
354 
194 
354 
194 
237 
331 
237 
331 
237 
331 
237 
331 
237 
331 
237 
331 
237 
331 
237 
331 
237 
331 
237 
331 
237 
331 
237 
331 
237 
331 
237 
331 
237 
331 
237 
331 
237 
331 
237 
406 
237 
406 
237 
406 
237 
488 
237 
493 
237 
493 
237 
493 
237 
493 
237 
493 
400 
148 
400 
148 
400 
148 
400 
148 
400 
148 
400 
148 
400 
148 
400 
148 
400 
148 
400 
148 
400 
148 
400 
148 
400 
148 
400 
148 
400 
148 
400 
148 
400 
148 
400 
148 
400 
148 
400 
148 
400 
148 
400 
148 
400 
148 
400 
148 
400 
148 
400 
148 
400 
148 
400 
148 
400 
148 
400 
148 
400 
148 
400 
148 
400 
148 
400 
148 
400 
148 
400 
148 
400 
148 
400 
148 
400 
148 
388 
160 
301 
247 
301 
247 
301 
247 
301 
247 
301 
247 
301 
247 
301 
247 
301 
247 
301 
247 
301 
247 
301 
247 
301 
247 
301 
247 
377 
171 
377 
171 
377 
171 
377 
171 
377 
171 
377 
171 
377 
171 
377 
171 
377 
171 
377 
171 
377 
171 
377 
171 
377 
171 
412 
136 
412 
136 
412 
136 
412 
136 
412 
136 
412 
136 
412 
136 
412 
136 
412 
136 
412 
136 
474 
74 
474 
74 
474 
74 
474 
74 
474 
74 
474 
74 
474 
74 
474 
74 
474 
74 
474 
74 
474 
74 
474 
74 
474 
74 
474 
74 
275 
273 
275 
273 
275 
273 
275 
273 
275 
273 
275 
273 
275 
273 
275 
273 
275 
273 
275 
273 
275 
273 
275 
273 
275 
273 
275 
273 
275 
273 
275 
273 
275 
273 
275 
273 
275 
273 
275 
273 
275 
273 
275 
273 
275 
273 
275 
273 
275 
273 
275 
273 
275 
273 
275 
273 
275 
273 
275 
273 
275 
273 
275 
273 
275 
273 
275 
273 
275 
273 
275 
273 
275 
273 
275 
273 
339 
209 
237 
311 
237 
311 
237 
311 
237 
311 
237 
311 
237 
311 
237 
311 
237 
311 
237 
311 
237 
311 
237 
311 
237 
311 
237 
311 
237 
311 
237 
311 
237 
311 
237 
311 
237 
311 
237 
311 
237 
311 
237 
311 
237 
311 
237 
311 
237 
311 
237 
311 
237 
311 
237 
311 
237 
311 
237 
311 
237 
311 
237 
311 
237 
311 
237 
311 
237 
311 
237 
311 
237 
311 
237 
311 
237 
311 
237 
311 
237 
311 
237 
311 
237 
311 
237 
311 
237 
311 
237 
311 
237 
311 
237 
311 
237 
311 
237 
311 
237 
311 
237 
311 
237 
311 
237 
311 
237 
311 
237 
311 
237 
311 
244 
304 
244 
304 
244 
304 
248 
300 
248 
300 
248 
300 
256 
292 
256 
292 
256 
292 
261 
287 
261 
287 
261 
287 
265 
283 
265 
283 
265 
283 
268 
280 
268 
280 
268 
280 
275 
273 
275 
273 
275 
273 
290 
258 
290 
258 
290 
258 
306 
242 
306 
242 
306 
242 
330 
218 
330 
218 
330 
218 
344 
204 
344 
204 
344 
204 
362 
186 
362 
186 
362 
186 
382 
166 
382 
166 
382 
166 
404 
144 
404 
144 
404 
144 
421 
127 
421 
127 
418 
130 
418 
130 
389 
159 
389 
159 
389 
159 
375 
173 
375 
173 
375 
173 
359 
189 
359 
189 
359 
189 
352 
196 
352 
196 
352 
196 
350 
198 
350 
198 
350 
198 
346 
202 
346 
202 
346 
202 
346 
202 
340 
208 
340 
208 
340 
208 
333 
215 
333 
215 
333 
215 
331 
217 
331 
217 
331 
217 
331 
217 
328 
220 
328 
220 
328 
220 
323 
225 
323 
225 
319 
229 
319 
229 
319 
229 
318 
230 
318 
230 
315 
233 
315 
233 
315 
233 
311 
237 
311 
237 
311 
237 
306 
242 
306 
242 
306 
242 
301 
247 
301 
247 
296 
252 
296 
252 
296 
252 
293 
255 
293 
255 
293 
255 
293 
255 
293 
255 
291 
257 
291 
257 
286 
262 
286 
262 
286 
262 
286 
262 
285 
263 
278 
270 
278 
270 
278 
270 
276 
272 
276 
272 
276 
272 
271 
277 
271 
277 
264 
284 
264 
284 
261 
287 
265 
283 
265 
283 
265 
283 
257 
291 
257 
291 
257 
291 
249 
299 
249 
299 
249 
299 
240 
308 
240 
308 
240 
308 
237 
317 
237 
317 
237 
317 
237 
329 
237 
329 
237 
329 
237 
344 
237 
344 
237 
344 
237 
357 
237 
357 
237 
357 
237 
375 
237 
375 
237 
375 
237 
380 
237 
380 
237 
380 
237 
364 
237 
364 
237 
364 
237 
344 
237 
344 
237 
344 
237 
330 
237 
330 
237 
330 
243 
305 
243 
305 
243 
305 
274 
274 
274 
274 
274 
274 
310 
238 
310 
238 
310 
238 
342 
206 
342 
206 
342 
206 
366 
182 
366 
182 
366 
182 
366 
182 
369 
179 
369 
179 
370 
178 
336 
212 
336 
212 
336 
212 
308 
240 
308 
240 
308 
240 
301 
247 
301 
247 
301 
247 
278 
270 
278 
270 
278 
270 
246 
302 
246 
302 
246 
302 
237 
339 
237 
339 
237 
339 
237 
371 
237 
371 
237 
371 
237 
386 
237 
386 
237 
386 
237 
395 
237 
395 
237 
395 
237 
406 
237 
406 
237 
406 
237 
414 
237 
414 
237 
413 
237 
413 
237 
397 
237 
397 
237 
397 
237 
368 
237 
368 
237 
368 
237 
348 
237 
348 
237 
348 
237 
329 
237 
329 
237 
329 
249 
299 
249 
299 
249 
299 
249 
299 
249 
299 
249 
299 
251 
297 
251 
297 
251 
297 
252 
296 
252 
296 
282 
266 
282 
266 
282 
266 
282 
266 
282 
266 
282 
266 
286 
262 
286 
262 
286 
262 
286 
262 
286 
262 
286 
262 
286 
262 
286 
262 
286 
262 
286 
262 
286 
262 
286 
262 
286 
262 
286 
262 
286 
262 
286 
262 
286 
262 
286 
262 
286 
262 
286 
262 
286 
262 
286 
262 
264 
284 
264 
284 
264 
284 
251 
297 
251 
297 
251 
297 
251 
297 
251 
297 
251 
297 
237 
311 
237 
311 
237 
311 
237 
311 
237 
311 
237 
311 
237 
311 
237 
311 
237 
311 
237 
311 
237 
311 
237 
311 
237 
311 
237 
311 
237 
311 
237 
311 
237 
311 
237 
311 
237 
311 
237 
311 
237 
311 
237 
311 
237 
311 
237 
311 
237 
311 
237 
311 
237 
311 
237 
311 
237 
311 
237 
311 
237 
311 
237 
311 
237 
311 
237 
311 
237 
311 
237 
311 
237 
311 
237 
311 
237 
311 
237 
311 
237 
311 
237 
311 
237 
311 
237 
311 
237 
311 
237 
311 
237 
311 
237 
311 
237 
311 
237 
311 
237 
311 
237 
311 
237 
311 
237 
311 
237 
311 
237 
311 
237 
311 
237 
311 
237 
311 
237 
311 
237 
311 
237 
311 
237 
311 
237 
311 
237 
311 
237 
311 
237 
311 
237 
311 
237 
311 
237 
311 
237 
311 
237 
311 
237 
311 
237 
311 
237 
311 
237 
311 
237 
311 
238 
310 
239 
309 
239 
309 
248 
300 
248 
300 
248 
300 
267 
281 
267 
281 
267 
281 
287 
261 
287 
261 
287 
261 
299 
249 
299 
249 
299 
249 
311 
237 
311 
237 
311 
237 
323 
225 
323 
225 
323 
225 
337 
211 
337 
211 
337 
211 
342 
206 
342 
206 
341 
207 
341 
207 
316 
232 
316 
232 
316 
232 
300 
248 
300 
248 
300 
248 
285 
263 
285 
263 
285 
263 
262 
286 
262 
286 
262 
286 
244 
304 
244 
304 
244 
304 
237 
327 
237 
327 
237 
327 
237 
358 
237 
358 
237 
358 
237 
376 
237 
376 
237 
376 
237 
382 
237 
382 
237 
382 
237 
385 
237 
385 
237 
385 
237 
390 
237 
390 
237 
397 
237 
397 
237 
392 
237 
392 
237 
392 
237 
366 
237 
366 
237 
366 
237 
347 
237 
347 
237 
347 
237 
320 
237 
320 
237 
320 
268 
280 
268 
280 
268 
280 
306 
242 
306 
242 
306 
242 
337 
211 
337 
211 
337 
211 
347 
201 
347 
201 
347 
201 
347 
201 
347 
201 
347 
201 
347 
201 
343 
205 
343 
205 
343 
205 
343 
205 
343 
205 
343 
205 
343 
205 
343 
205 
343 
205 
343 
205 
343 
205 
343 
205 
343 
205 
343 
205 
343 
205 
343 
205 
343 
205 
343 
205 
343 
205 
343 
205 
343 
205 
343 
205 
343 
205 
343 
205 
343 
205 
343 
205 
343 
205 
343 
205 
343 
205 
343 
205 
343 
205 
343 
205 
343 
205 
343 
205 
343 
205 
343 
205 
343 
205 
343 
205 
343 
205 
343 
205 
343 
205 
343 
205 
343 
205 
343 
205 
343 
205 
343 
205 
343 
205 
343 
205 
343 
205 
343 
205 
343 
205 
343 
205 
343 
205 
343 
205 
343 
205 
343 
205 
343 
205 
343 
205 
343 
205 
343 
205 
343 
205 
343 
205 
343 
205 
343 
205 
343 
205 
343 
205 
343 
205 
343 
205 
343 
205 
343 
205 
343 
205 
343 
205 
343 
205 
343 
205 
343 
205 
343 
205 
343 
205 
343 
205 
237 
311 
237 
311 
237 
311 
237 
311 
237 
311 
237 
311 
237 
311 
237 
311 
237 
311 
237 
311 
237 
311 
237 
311 
237 
311 
237 
311 
237 
311 
237 
311 
237 
311 
237 
311 
237 
311 
237 
311 
237 
311 
237 
311 
237 
311 
237 
311 
237 
311 
237 
311 
237 
311 
237 
311 
237 
311 
237 
311 
237 
311 
237 
311 
237 
311 
237 
311 
237 
311 
237 
311 
250 
298 
250 
298 
250 
298 
275 
273 
275 
273 
275 
273 
282 
266 
282 
266 
282 
266 
294 
254 
294 
254 
294 
254 
310 
238 
310 
238 
310 
238 
322 
226 
322 
226 
322 
226 
326 
222 
326 
222 
326 
222 
326 
222 
326 
222 
326 
222 
322 
226 
322 
226 
311 
237 
311 
237 
311 
237 
300 
248 
300 
248 
300 
248 
298 
250 
298 
250 
298 
250 
293 
255 
293 
255 
293 
255 
286 
262 
286 
262 
286 
262 
284 
264 
281 
267 
278 
270 
277 
271 
276 
272 
274 
274 
274 
274 
276 
272 
276 
272 
276 
272 
278 
270 
278 
270 
278 
270 
280 
268 
280 
268 
280 
268 
284 
264 
284 
264 
284 
264 
291 
257 
291 
257 
291 
257 
294 
254 
294 
254 
294 
254 
301 
247 
301 
247 
301 
247 
306 
242 
306 
242 
306 
242 
309 
239 
309 
239 
309 
239 
315 
233 
315 
233 
315 
233 
321 
227 
321 
227 
321 
227 
325 
223 
325 
223 
325 
223 
327 
221 
327 
221 
327 
221 
329 
219 
329 
219 
329 
219 
338 
210 
338 
210 
338 
210 
350 
198 
350 
198 
350 
198 
357 
191 
357 
191 
357 
191 
355 
193 
355 
193 
346 
202 
346 
202 
346 
202 
335 
213 
335 
213 
335 
213 
324 
224 
324 
224 
324 
224 
313 
235 
313 
235 
313 
235 
297 
251 
297 
251 
297 
251 
276 
272 
276 
272 
276 
272 
253 
295 
253 
295 
253 
295 
237 
321 
237 
321 
237 
321 
237 
325 
237 
325 
237 
325 
237 
333 
237 
329 
237 
329 
237 
329 
245 
303 
245 
303 
245 
303 
264 
284 
264 
284 
264 
284 
277 
271 
277 
271 
277 
271 
286 
262 
286 
262 
286 
262 
299 
249 
299 
249 
299 
249 
308 
240 
308 
240 
308 
240 
315 
233 
315 
233 
315 
233 
320 
228 
320 
228 
320 
228 
329 
219 
329 
219 
329 
219 
335 
213 
335 
213 
335 
213 
342 
206 
342 
206 
342 
206 
347 
201 
347 
201 
347 
201 
347 
201 
347 
201 
347 
201 
347 
201 
347 
201 
347 
201 
347 
201 
347 
201 
347 
201 
347 
201 
347 
201 
347 
201 
347 
201 
347 
201 
347 
201 
347 
201 
347 
201 
347 
201 
347 
201 
347 
201 
347 
201 
347 
201 
347 
201 
347 
201 
347 
201 
347 
201 
347 
201 
347 
201 
347 
201 
347 
201 
347 
201 
347 
201 
347 
201 
347 
201 
347 
201 
347 
201 
347 
201 
347 
201 
347 
201 
347 
201 
347 
201 
347 
201 
347 
201 
347 
201 
347 
201 
347 
201 
347 
201 
347 
201 
347 
201 
347 
201 
347 
201 
347 
201 
347 
201 
347 
201 
347 
201 
347 
201 
347 
201 
347 
201 
347 
201 
347 
201 
347 
201 
347 
201 
347 
201 
347 
201 
347 
201 
347 
201 
347 
201 
347 
201 
347 
201 
347 
201 
347 
201 
347 
201 
347 
201 
347 
201 
347 
201 
347 
201 
347 
201 
347 
201 
347 
201 
347 
201 
347 
201 
347 
201 
347 
201 
347 
201 
347 
201 
347 
201 
347 
201 
347 
201 
347 
201 
347 
201 
347 
201 
347 
201 
347 
201 
347 
201 
347 
201 
1 
1 
237 
311 
237 
311 
237 
311 
237 
311 
237 
311 
237 
311 
237 
311 
237 
311 
237 
311 
237 
311 
237 
311 
237 
311 
237 
311 
237 
311 
237 
311 
237 
311 
237 
311 
237 
311 
237 
311 
237 
311 
237 
311 
237 
311 
237 
311 
237 
311 
237 
311 
237 
311 
237 
311 
237 
311 
237 
311 
237 
311 
237 
311 
237 
311 
237 
311 
237 
311 
237 
311 
237 
311 
237 
311 
237 
311 
237 
311 
237 
311 
237 
311 
237 
311 
237 
311 
237 
311 
237 
311 
237 
311 
237 
311 
237 
311 
237 
311 
237 
311 
237 
311 
237 
311 
237 
311 
238 
310 
238 
310 
259 
289 
259 
289 
259 
289 
274 
274 
274 
274 
274 
274 
274 
274 
274 
274 
274 
274 
278 
270 
278 
270 
278 
270 
278 
270 
278 
270 
278 
270 
278 
270 
278 
270 
278 
270 
278 
270 
278 
270 
278 
270 
278 
270 
278 
270 
278 
270 
278 
270 
278 
270 
278 
270 
278 
270 
278 
270 
278 
270 
278 
270 
278 
270 
278 
270 
278 
270 
278 
270 
278 
270 
278 
270 
278 
270 
278 
270 
278 
270 
278 
270 
278 
270 
278 
270 
278 
270 
278 
270 
278 
270 
278 
270 
278 
270 
278 
270 
278 
270 
278 
270 
278 
270 
278 
270 
278 
270 
278 
270 
278 
270 
278 
270 
278 
270 
278 
270 
278 
270 
278 
270 
278 
270 
278 
270 
278 
270 
278 
270 
278 
270 
278 
270 
278 
270 
278 
270 
278 
270 
278 
270 
278 
270 
278 
270 
278 
270 
278 
270 
278 
270 
278 
270 
278 
270 
278 
270 
278 
270 
278 
270 
278 
270 
278 
270 
278 
270 
278 
270 
278 
270 
278 
270 
278 
270 
278 
270 
278 
270 
278 
270 
278 
270 
278 
270 
278 
270 
278 
270 
278 
270 
278 
270 
278 
270 
278 
270 
278 
270 
278 
270 
278 
270 
278 
270 
278 
270 
278 
270 
278 
270 
278 
270 
278 
270 
278 
270 
278 
270 
278 
270 
278 
270 
278 
270 
278 
270 
278 
270 
278 
270 
278 
270 
278 
270 
278 
270 
278 
270 
278 
270 
278 
270 
278 
270 
278 
270 
278 
270 
278 
270 
278 
270 
278 
270 
278 
270 
278 
270 
278 
270 
278 
270 
278 
270 
278 
270 
278 
270 
278 
270 
278 
270 
278 
270 
278 
270 
278 
270 
278 
270 
278 
270 
278 
270 
278 
270 
1 
1 
237 
311 
237 
311 
237 
311 
237 
311 
237 
311 
237 
311 
237 
311 
237 
311 
237 
311 
237 
311 
237 
311 
237 
311 
237 
311 
237 
311 
237 
311 
237 
311 
237 
311 
237 
311 
237 
311 
237 
311 
237 
311 
237 
311 
237 
311 
237 
311 
237 
311 
237 
311 
237 
311 
237 
311 
237 
311 
237 
311 
237 
311 
237 
311 
237 
311 
237 
311 
237 
311 
237 
311 
237 
311 
237 
311 
237 
311 
237 
311 
237 
311 
237 
311 
237 
311 
237 
311 
237 
311 
237 
311 
237 
311 
237 
311 
237 
311 
237 
311 
237 
311 
240 
308 
240 
308 
262 
286 
262 
286 
262 
286 
277 
271 
277 
271 
277 
271 
292 
256 
292 
256 
292 
256 
309 
239 
309 
239 
309 
239 
309 
239 
312 
236 
312 
236 
312 
236 
312 
236 
312 
236 
312 
236 
312 
236 
312 
236 
312 
236 
312 
236 
312 
236 
312 
236 
312 
236 
312 
236 
312 
236 
312 
236 
312 
236 
312 
236 
312 
236 
312 
236 
312 
236 
312 
236 
312 
236 
312 
236 
312 
236 
312 
236 
312 
236 
312 
236 
312 
236 
312 
236 
312 
236 
312 
236 
312 
236 
312 
236 
312 
236 
312 
236 
312 
236 
312 
236 
312 
236 
282 
266 
282 
266 
282 
266 
282 
266 
282 
266 
282 
266 
279 
269 
279 
269 
279 
269 
279 
269 
279 
269 
279 
269 
305 
243 
305 
243 
305 
243 
338 
210 
338 
210 
338 
210 
371 
177 
371 
177 
371 
177 
395 
153 
395 
153 
395 
153 
395 
153 
397 
151 
397 
151 
397 
151 
397 
151 
397 
151 
397 
151 
397 
151 
397 
151 
397 
151 
397 
151 
397 
151 
397 
151 
397 
151 
397 
151 
397 
151 
397 
151 
1 
1 
237 
311 
237 
311 
237 
311 
237 
311 
237 
311 
237 
311 
237 
311 
237 
311 
237 
311 
237 
311 
237 
311 
237 
311 
237 
311 
237 
311 
237 
311 
237 
311 
237 
311 
237 
311 
237 
311 
237 
311 
237 
311 
237 
311 
237 
311 
237 
311 
237 
311 
237 
311 
264 
284 
264 
284 
264 
284 
312 
236 
312 
236 
312 
236 
312 
236 
312 
236 
312 
236 
316 
232 
316 
232 
316 
232 
316 
232 
316 
232 
316 
232 
316 
232 
316 
232 
316 
232 
316 
232 
316 
232 
316 
232 
316 
232 
316 
232 
316 
232 
316 
232 
316 
232 
316 
232 
316 
232 
316 
232 
316 
232 
316 
232 
316 
232 
316 
232 
316 
232 
316 
232 
316 
232 
316 
232 
316 
232 
316 
232 
316 
232 
316 
232 
316 
232 
316 
232 
267 
281 
267 
281 
267 
281 
267 
281 
1 
1 
237 
311 
237 
311 
237 
311 
237 
311 
237 
311 
237 
311 
237 
311 
237 
311 
237 
311 
237 
311 
237 
311 
237 
311 
237 
311 
237 
311 
265 
283 
265 
283 
265 
283 
282 
266 
282 
266 
282 
266 
282 
266 
282 
266 
282 
266 
282 
266 
282 
266 
282 
266 
282 
266 
282 
266 
282 
266 
282 
266 
282 
266 
282 
266 
282 
266 
282 
266 
282 
266 
282 
266 
282 
266 
282 
266 
282 
266 
282 
266 
282 
266 
282 
266 
282 
266 
282 
266 
282 
266 
282 
266 
282 
266 
282 
266 
282 
266 
282 
266 
282 
266 
282 
266 
282 
266 
282 
266 
282 
266 
282 
266 
282 
266 
282 
266 
282 
266 
282 
266 
282 
266 
282 
266 
282 
266 
282 
266 
282 
266 
282 
266 
282 
266 
282 
266 
282 
266 
282 
266 
282 
266 
282 
266 
282 
266 
282 
266 
282 
266 
282 
266 
282 
266 
282 
266 
282 
266 
282 
266 
282 
266 
282 
266 
282 
266 
282 
266 
282 
266 
282 
266 
282 
266 
282 
266 
282 
266 
282 
266 
282 
266 
282 
266 
282 
266 
282 
266 
282 
266 
282 
266 
282 
266 
282 
266 
282 
266 
282 
266 
282 
266 
282 
266 
282 
266 
282 
266 
282 
266 
282 
266 
282 
266 
282 
266 
282 
266 
282 
266 
282 
266 
282 
266 
282 
266 
282 
266 
282 
266 
282 
266 
282 
266 
282 
266 
282 
266 
282 
266 
282 
266 
282 
266 
282 
266 
282 
266 
282 
266 
282 
266 
282 
266 
282 
266 
282 
266 
282 
266 
282 
266 
282 
266 
282 
266 
282 
266 
282 
266 
282 
266 
282 
266 
282 
266 
282 
266 
282 
266 
282 
266 
282 
266 
282 
266 
282 
266 
282 
266 
282 
266 
282 
266 
282 
266 
282 
266 
282 
266 
282 
266 
282 
266 
282 
266 
282 
266 
282 
266 
282 
266 
282 
266 
282 
266 
282 
266 
282 
266 
282 
266 
282 
266 
282 
266 
282 
266 
282 
266 
282 
266 
282 
266 
282 
266 
282 
266 
282 
266 
282 
266 
282 
266 
279 
269 
279 
269 
304 
244 
304 
244 
304 
244 
370 
178 
370 
178 
370 
178 
384 
164 
384 
164 
384 
164 
384 
164 
384 
164 
384 
164 
384 
164 
384 
164 
384 
164 
384 
164 
384 
164 
384 
164 
384 
164 
384 
164 
384 
164 
384 
164 
384 
164 
384 
164 
384 
164 
384 
164 
384 
164 
384 
164 
384 
164 
384 
164 
384 
164 
384 
164 
384 
164 
384 
164 
384 
164 
384 
164 
384 
164 
384 
164 
384 
164 
384 
164 
384 
164 
384 
164 
384 
164 
384 
164 
384 
164 
384 
164 
384 
164 
384 
164 
384 
164 
384 
164 
384 
164 
384 
164 
384 
164 
384 
164 
384 
164 
384 
164 
384 
164 
384 
164 
384 
164 
384 
164 
384 
164 
384 
164 
384 
164 
384 
164 
384 
164 
384 
164 
384 
164 
384 
164 
384 
164 
384 
164 
384 
164 
384 
164 
384 
164 
384 
164 
384 
164 
384 
164 
384 
164 
384 
164 
384 
164 
384 
164 
384 
164 
384 
164 
384 
164 
384 
164 
384 
164 
384 
164 
384 
164 
384 
164 
384 
164 
384 
164 
384 
164 
384 
164 
384 
164 
384 
164 
384 
164 
384 
164 
384 
164 
384 
164 
384 
164 
384 
164 
384 
164 
384 
164 
384 
164 
384 
164 
384 
164 
384 
164 
384 
164 
384 
164 
384 
164 
384 
164 
384 
164 
384 
164 
384 
164 
384 
164 
384 
164 
384 
164 
384 
164 
384 
164 
384 
164 
384 
164 
384 
164 
384 
164 
384 
164 
384 
164 
384 
164 
384 
164 
384 
164 
384 
164 
384 
164 
384 
164 
384 
164 
384 
164 
384 
164 
384 
164 
384 
164 
384 
164 
384 
164 
384 
164 
384 
164 
384 
164 
384 
164 
384 
164 
384 
164 
384 
164 
384 
164 
384 
164 
384 
164 
384 
164 
384 
164 
384 
164 
384 
164 
384 
164 
384 
164 
384 
164 
384 
164 
384 
164 
384 
164 
384 
164 
384 
164 
384 
164 
384 
164 
384 
164 
384 
164 
384 
164 
384 
164 
384 
164 
384 
164 
384 
164 
384 
164 
384 
164 
384 
164 
384 
164 
384 
164 
384 
164 
384 
164 
384 
164 
384 
164 
384 
164 
384 
164 
384 
164 
384 
164 
384 
164 
384 
164 
384 
164 
384 
164 
384 
164 
384 
164 
384 
164 
384 
164 
384 
164 
384 
164 
373 
175 
373 
175 
373 
175 
337 
211 
337 
211 
337 
211 
315 
233 
315 
233 
315 
233 
288 
260 
288 
260 
288 
260 
238 
310 
238 
310 
238 
310 
237 
346 
237 
346 
237 
346 
237 
354 
237 
354 
237 
354 
237 
354 
237 
346 
237 
346 
237 
346 
237 
317 
237 
317 
237 
317 
243 
305 
243 
305 
243 
305 
255 
293 
255 
293 
255 
293 
255 
293 
260 
288 
260 
288 
260 
288 
274 
274 
274 
274 
274 
274 
288 
260 
288 
260 
288 
260 
291 
257 
306 
242 
306 
242 
306 
242 
321 
227 
321 
227 
321 
227 
334 
214 
334 
214 
334 
214 
347 
201 
347 
201 
349 
199 
349 
199 
335 
213 
335 
213 
335 
213 
324 
224 
324 
224 
324 
224 
314 
234 
314 
234 
314 
234 
314 
234 
314 
234 
314 
234 
312 
236 
312 
236 
312 
236 
312 
236 
312 
236 
312 
236 
312 
236 
312 
236 
312 
236 
312 
236 
312 
236 
312 
236 
312 
236 
312 
236 
312 
236 
312 
236 
312 
236 
312 
236 
312 
236 
312 
236 
312 
236 
312 
236 
312 
236 
312 
236 
312 
236 
312 
236 
312 
236 
312 
236 
312 
236 
312 
236 
312 
236 
312 
236 
312 
236 
312 
236 
312 
236 
312 
236 
312 
236 
312 
236 
312 
236 
312 
236 
312 
236 
312 
236 
312 
236 
312 
236 
312 
236 
312 
236 
312 
236 
312 
236 
312 
236 
312 
236 
312 
236 
312 
236 
312 
236 
312 
236 
312 
236 
312 
236 
312 
236 
312 
236 
312 
236 
312 
236 
312 
236 
312 
236 
312 
236 
312 
236 
312 
236 
312 
236 
312 
236 
312 
236 
312 
236 
312 
236 
312 
236 
312 
236 
312 
236 
312 
236 
312 
236 
312 
236 
312 
236 
312 
236 
312 
236 
312 
236 
312 
236 
312 
236 
312 
236 
312 
236 
312 
236 
312 
236 
312 
236 
312 
236 
312 
236 
312 
236 
312 
236 
312 
236 
312 
236 
312 
236 
312 
236 
312 
236 
312 
236 
312 
236 
312 
236 
312 
236 
312 
236 
312 
236 
312 
236 
312 
236 
312 
236 
312 
236 
312 
236 
312 
236 
312 
236 
312 
236 
312 
236 
312 
236 
312 
236 
312 
236 
312 
236 
312 
236 
312 
236 
312 
236 
312 
236 
312 
236 
312 
236 
312 
236 
312 
236 
312 
236 
312 
236 
312 
236 
312 
236 
312 
236 
312 
236 
312 
236 
312 
236 
312 
236 
312 
236 
312 
236 
312 
236 
312 
236 
312 
236 
312 
236 
312 
236 
312 
236 
312 
236 
312 
236 
312 
236 
312 
236 
237 
311 
237 
311 
237 
311 
237 
311 
237 
311 
237 
311 
237 
311 
237 
311 
237 
311 
237 
311 
237 
311 
237 
311 
237 
311 
237 
311 
237 
311 
237 
311 
237 
311 
237 
311 
237 
311 
237 
311 
237 
311 
237 
311 
237 
311 
237 
311 
237 
311 
237 
311 
237 
311 
237 
311 
237 
311 
237 
311 
243 
305 
243 
305 
243 
305 
285 
263 
285 
263 
285 
263 
295 
253 
295 
253 
295 
253 
298 
250 
298 
250 
298 
250 
297 
251 
297 
251 
280 
268 
280 
268 
280 
268 
277 
271 
262 
286 
262 
286 
262 
286 
253 
295 
253 
295 
253 
295 
241 
307 
241 
307 
241 
307 
237 
316 
237 
316 
237 
316 
237 
327 
237 
327 
237 
327 
237 
346 
237 
346 
237 
346 
237 
355 
237 
355 
237 
355 
237 
359 
237 
359 
237 
359 
237 
365 
237 
365 
237 
371 
237 
371 
237 
374 
237 
370 
237 
370 
237 
374 
237 
374 
237 
358 
237 
358 
237 
358 
237 
336 
237 
336 
237 
336 
237 
321 
237 
321 
237 
321 
237 
313 
237 
313 
237 
313 
254 
294 
254 
294 
254 
294 
258 
290 
258 
290 
258 
290 
269 
279 
269 
279 
269 
279 
278 
270 
278 
270 
278 
270 
289 
259 
289 
259 
289 
259 
297 
251 
297 
251 
297 
251 
310 
238 
310 
238 
310 
238 
314 
234 
314 
234 
313 
235 
313 
235 
290 
258 
290 
258 
290 
258 
274 
274 
274 
274 
274 
274 
255 
293 
255 
293 
255 
293 
243 
305 
243 
305 
243 
305 
237 
323 
237 
323 
237 
323 
237 
342 
237 
342 
237 
342 
237 
351 
237 
351 
237 
351 
237 
362 
237 
362 
237 
362 
237 
363 
237 
349 
237 
349 
237 
349 
237 
312 
237 
312 
237 
312 
248 
300 
248 
300 
248 
300 
257 
291 
257 
291 
257 
291 
267 
281 
267 
281 
267 
281 
290 
258 
290 
258 
290 
258 
316 
232 
316 
232 
316 
232 
321 
227 
321 
227 
319 
229 
319 
229 
282 
266 
282 
266 
282 
266 
248 
300 
248 
300 
248 
300 
237 
323 
237 
323 
237 
323 
237 
354 
237 
354 
237 
354 
237 
365 
237 
365 
237 
365 
237 
366 
237 
350 
237 
350 
237 
350 
237 
334 
237 
334 
237 
334 
237 
329 
237 
329 
237 
329 
237 
321 
237 
321 
237 
321 
240 
308 
240 
308 
240 
308 
252 
296 
252 
296 
252 
296 
256 
292 
256 
292 
256 
292 
261 
287 
261 
287 
261 
287 
261 
287 
261 
287 
262 
286 
262 
286 
262 
286 
262 
286 
262 
286 
262 
286 
262 
286 
262 
286 
262 
286 
262 
286 
262 
286 
262 
286 
262 
286 
262 
286 
262 
286 
262 
286 
262 
286 
262 
286 
262 
286 
262 
286 
262 
286 
262 
286 
262 
286 
262 
286 
262 
286 
262 
286 
262 
286 
262 
286 
262 
286 
262 
286 
262 
286 
262 
286 
262 
286 
262 
286 
262 
286 
262 
286 
262 
286 
262 
286 
262 
286 
262 
286 
262 
286 
262 
286 
262 
286 
262 
286 
262 
286 
262 
286 
262 
286 
262 
286 
262 
286 
262 
286 
262 
286 
262 
286 
262 
286 
262 
286 
262 
286 
262 
286 
262 
286 
262 
286 
262 
286 
262 
286 
262 
286 
262 
286 
262 
286 
262 
286 
262 
286 
262 
286 
262 
286 
262 
286 
262 
286 
262 
286 
262 
286 
262 
286 
262 
286 
262 
286 
262 
286 
262 
286 
262 
286 
262 
286 
262 
286 
262 
286 
262 
286 
262 
286 
262 
286 
262 
286 
262 
286 
262 
286 
262 
286 
262 
286 
262 
286 
262 
286 
262 
286 
262 
286 
262 
286 
262 
286 
262 
286 
262 
286 
262 
286 
262 
286 
262 
286 
262 
286 
262 
286 
262 
286 
262 
286 
262 
286 
262 
286 
262 
286 
262 
286 
262 
286 
262 
286 
262 
286 
262 
286 
262 
286 
262 
286 
262 
286 
262 
286 
262 
286 
262 
286 
262 
286 
262 
286 
262 
286 
262 
286 
262 
286 
262 
286 
262 
286 
262 
286 
262 
286 
262 
286 
262 
286 
262 
286 
262 
286 
262 
286 
262 
286 
262 
286 
262 
286 
262 
286 
262 
286 
262 
286 
262 
286 
262 
286 
262 
286 
262 
286 
262 
286 
262 
286 
262 
286 
262 
286 
261 
287 
261 
287 
243 
305 
243 
305 
243 
305 
237 
328 
237 
328 
237 
328 
257 
291 
257 
291 
257 
291 
305 
243 
305 
243 
305 
243 
321 
227 
321 
227 
321 
227 
324 
224 
324 
224 
324 
224 
330 
218 
330 
218 
330 
218 
334 
214 
334 
214 
334 
214 
334 
214 
334 
214 
334 
214 
334 
214 
334 
214 
334 
214 
334 
214 
334 
214 
334 
214 
334 
214 
334 
214 
334 
214 
334 
214 
334 
214 
334 
214 
334 
214 
334 
214 
334 
214 
334 
214 
334 
214 
334 
214 
334 
214 
334 
214 
334 
214 
334 
214 
334 
214 
334 
214 
334 
214 
334 
214 
334 
214 
334 
214 
334 
214 
334 
214 
334 
214 
334 
214 
334 
214 
334 
214 
334 
214 
334 
214 
334 
214 
334 
214 
334 
214 
334 
214 
334 
214 
304 
244 
304 
244 
304 
244 
285 
263 
285 
263 
285 
263 
260 
288 
260 
288 
260 
288 
251 
297 
251 
297 
251 
297 
245 
303 
245 
303 
245 
303 
244 
304 
244 
304 
241 
307 
241 
307 
260 
288 
260 
288 
260 
288 
275 
273 
275 
273 
275 
273 
280 
268 
280 
268 
280 
268 
289 
259 
289 
259 
289 
259 
303 
245 
303 
245 
303 
245 
317 
231 
317 
231 
317 
231 
325 
223 
325 
223 
325 
223 
325 
223 
314 
234 
314 
234 
314 
234 
285 
263 
285 
263 
285 
263 
237 
314 
237 
314 
237 
314 
237 
355 
237 
355 
237 
355 
237 
379 
237 
379 
237 
379 
237 
397 
237 
397 
237 
397 
237 
415 
237 
415 
237 
415 
237 
430 
237 
430 
237 
430 
237 
430 
237 
430 
237 
430 
237 
429 
237 
429 
237 
429 
237 
426 
237 
413 
237 
413 
237 
413 
237 
376 
237 
376 
237 
376 
237 
361 
237 
361 
237 
361 
237 
361 
237 
355 
237 
355 
237 
355 
237 
354 
237 
354 
237 
354 
237 
351 
237 
337 
237 
337 
237 
337 
237 
317 
237 
317 
237 
317 
251 
297 
251 
297 
251 
297 
274 
274 
274 
274 
274 
274 
288 
260 
288 
260 
288 
260 
305 
243 
305 
243 
305 
243 
323 
225 
323 
225 
323 
225 
323 
225 
323 
225 
323 
225 
323 
225 
323 
225 
323 
225 
323 
225 
323 
225 
323 
225 
323 
225 
323 
225 
323 
225 
237 
311 
237 
311 
237 
311 
237 
311 
237 
311 
237 
311 
237 
311 
237 
311 
237 
311 
237 
311 
237 
311 
237 
311 
237 
311 
237 
311 
237 
311 
237 
311 
237 
311 
237 
311 
237 
311 
237 
311 
237 
311 
237 
311 
237 
311 
237 
311 
237 
311 
237 
311 
254 
294 
254 
294 
254 
294 
284 
264 
284 
264 
284 
264 
299 
249 
299 
249 
299 
249 
301 
247 
301 
247 
301 
247 
301 
247 
301 
247 
301 
247 
301 
247 
301 
247 
301 
247 
301 
247 
301 
247 
301 
247 
301 
247 
301 
247 
301 
247 
301 
247 
301 
247 
301 
247 
301 
247 
301 
247 
301 
247 
301 
247 
301 
247 
301 
247 
301 
247 
301 
247 
301 
247 
301 
247 
301 
247 
301 
247 
301 
247 
301 
247 
301 
247 
301 
247 
301 
247 
301 
247 
301 
247 
301 
247 
301 
247 
301 
247 
291 
257 
291 
257 
291 
257 
269 
279 
269 
279 
269 
279 
262 
286 
262 
286 
262 
286 
262 
286 
262 
286 
262 
286 
262 
286 
262 
286 
262 
286 
262 
286 
262 
286 
262 
286 
262 
286 
262 
286 
262 
286 
262 
286 
262 
286 
262 
286 
262 
286 
262 
286 
262 
286 
262 
286 
262 
286 
262 
286 
262 
286 
262 
286 
262 
286 
262 
286 
262 
286 
262 
286 
262 
286 
262 
286 
262 
286 
262 
286 
262 
286 
262 
286 
262 
286 
262 
286 
262 
286 
262 
286 
262 
286 
262 
286 
262 
286 
262 
286 
262 
286 
262 
286 
262 
286 
262 
286 
262 
286 
262 
286 
262 
286 
262 
286 
262 
286 
262 
286 
262 
286 
262 
286 
262 
286 
262 
286 
262 
286 
262 
286 
262 
286 
262 
286 
262 
286 
262 
286 
262 
286 
262 
286 
262 
286 
262 
286 
262 
286 
276 
272 
276 
272 
276 
272 
292 
256 
292 
256 
292 
256 
304 
244 
304 
244 
304 
244 
304 
244 
304 
244 
304 
244 
304 
244 
304 
244 
304 
244 
304 
244 
304 
244 
304 
244 
304 
244 
304 
244 
304 
244 
304 
244 
304 
244 
304 
244 
304 
244 
304 
244 
304 
244 
304 
244 
304 
244 
304 
244 
304 
244 
304 
244 
304 
244 
304 
244 
304 
244 
304 
244 
304 
244 
304 
244 
304 
244 
304 
244 
304 
244 
304 
244 
304 
244 
304 
244 
304 
244 
304 
244 
304 
244 
304 
244 
304 
244 
304 
244 
304 
244 
304 
244 
304 
244 
304 
244 
304 
244 
304 
244 
304 
244 
304 
244 
304 
244 
304 
244 
304 
244 
304 
244 
304 
244 
304 
244 
304 
244 
304 
244 
304 
244 
304 
244 
304 
244 
304 
244 
304 
244 
304 
244 
304 
244 
304 
244 
304 
244 
304 
244 
304 
244 
320 
228 
320 
228 
320 
228 
340 
208 
340 
208 
340 
208 
359 
189 
359 
189 
359 
189 
359 
189 
361 
187 
361 
187 
359 
189 
344 
204 
317 
231 
295 
253 
290 
258 
298 
250 
298 
250 
298 
250 
291 
257 
291 
257 
291 
257 
291 
257 
291 
257 
291 
257 
291 
257 
291 
257 
291 
257 
291 
257 
291 
257 
237 
311 
237 
311 
237 
311 
237 
311 
237 
311 
237 
311 
237 
311 
237 
311 
237 
311 
237 
311 
237 
311 
237 
311 
237 
311 
237 
311 
237 
311 
237 
311 
237 
311 
237 
311 
237 
311 
237 
311 
237 
311 
237 
311 
237 
311 
237 
311 
237 
311 
237 
311 
237 
311 
237 
311 
237 
311 
237 
311 
237 
311 
237 
311 
237 
311 
237 
311 
237 
311 
237 
311 
237 
311 
237 
311 
237 
311 
237 
311 
237 
311 
237 
311 
237 
311 
237 
311 
237 
311 
237 
311 
237 
311 
237 
311 
245 
303 
245 
303 
245 
303 
250 
298 
250 
298 
250 
298 
258 
290 
258 
290 
258 
290 
264 
284 
264 
284 
264 
284 
265 
283 
274 
274 
274 
274 
274 
274 
283 
265 
283 
265 
283 
265 
293 
255 
293 
255 
293 
255 
301 
247 
301 
247 
301 
247 
312 
236 
312 
236 
312 
236 
317 
231 
317 
231 
317 
231 
320 
228 
320 
228 
320 
228 
320 
228 
320 
228 
320 
228 
318 
230 
312 
236 
301 
247 
301 
247 
301 
247 
293 
255 
293 
255 
293 
255 
281 
267 
281 
267 
281 
267 
267 
281 
267 
281 
267 
281 
257 
291 
257 
291 
257 
291 
243 
305 
243 
305 
243 
305 
237 
320 
237 
320 
237 
320 
237 
336 
237 
336 
237 
336 
237 
350 
237 
350 
237 
350 
237 
358 
237 
358 
237 
358 
237 
369 
237 
369 
237 
369 
237 
372 
237 
372 
237 
372 
237 
377 
237 
377 
237 
381 
237 
384 
237 
384 
237 
386 
237 
368 
237 
368 
237 
368 
237 
352 
237 
352 
237 
352 
237 
331 
237 
331 
237 
331 
242 
306 
242 
306 
242 
306 
255 
293 
255 
293 
255 
293 
269 
279 
269 
279 
269 
279 
279 
269 
279 
269 
279 
269 
297 
251 
297 
251 
297 
251 
333 
215 
333 
215 
333 
215 
354 
194 
354 
194 
354 
194 
370 
178 
370 
178 
370 
178 
379 
169 
379 
169 
379 
169 
382 
166 
382 
166 
380 
168 
380 
168 
360 
188 
360 
188 
360 
188 
345 
203 
345 
203 
345 
203 
329 
219 
329 
219 
329 
219 
308 
240 
308 
240 
308 
240 
293 
255 
293 
255 
293 
255 
278 
270 
278 
270 
278 
270 
259 
289 
259 
289 
259 
289 
241 
307 
241 
307 
241 
307 
237 
318 
237 
318 
237 
318 
237 
321 
237 
321 
237 
321 
237 
326 
237 
326 
237 
330 
237 
330 
237 
330 
237 
331 
237 
331 
237 
331 
237 
330 
237 
333 
237 
333 
237 
339 
237 
339 
237 
339 
237 
351 
237 
351 
237 
351 
237 
360 
237 
360 
237 
360 
237 
374 
237 
374 
237 
374 
237 
374 
237 
356 
237 
356 
237 
356 
237 
344 
237 
344 
237 
344 
237 
338 
237 
338 
237 
338 
237 
332 
237 
332 
237 
332 
237 
325 
237 
325 
237 
325 
237 
318 
237 
318 
237 
318 
237 
318 
237 
318 
237 
318 
237 
318 
237 
318 
237 
318 
237 
318 
237 
318 
237 
318 
237 
318 
237 
318 
237 
318 
237 
318 
237 
318 
237 
318 
237 
318 
237 
318 
237 
318 
237 
318 
237 
318 
237 
318 
237 
318 
237 
318 
237 
318 
237 
318 
237 
318 
237 
318 
237 
318 
237 
318 
237 
318 
237 
318 
237 
318 
237 
318 
237 
318 
237 
318 
237 
318 
237 
318 
237 
318 
237 
318 
237 
318 
237 
318 
237 
318 
237 
318 
237 
318 
237 
318 
237 
318 
237 
318 
237 
318 
237 
318 
237 
318 
237 
318 
237 
318 
237 
318 
237 
318 
237 
318 
237 
318 
237 
318 
237 
315 
237 
315 
237 
315 
240 
308 
240 
308 
240 
308 
248 
300 
248 
300 
248 
300 
253 
295 
253 
295 
253 
295 
255 
293 
255 
293 
255 
293 
259 
289 
259 
289 
259 
289 
263 
285 
263 
285 
266 
282 
266 
282 
268 
280 
277 
271 
277 
271 
277 
271 
288 
260 
288 
260 
288 
260 
290 
258 
297 
251 
297 
251 
297 
251 
299 
249 
299 
249 
299 
249 
302 
246 
302 
246 
302 
246 
307 
241 
307 
241 
307 
241 
312 
236 
312 
236 
312 
236 
316 
232 
316 
232 
316 
232 
319 
229 
319 
229 
319 
229 
322 
226 
330 
218 
330 
218 
330 
218 
343 
205 
343 
205 
343 
205 
348 
200 
348 
200 
348 
200 
350 
198 
350 
198 
353 
195 
353 
195 
353 
195 
353 
195 
351 
197 
351 
197 
351 
197 
351 
197 
351 
197 
351 
197 
351 
197 
351 
197 
351 
197 
351 
197 
351 
197 
351 
197 
351 
197 
351 
197 
351 
197 
351 
197 
351 
197 
351 
197 
351 
197 
351 
197 
351 
197 
351 
197 
351 
197 
351 
197 
351 
197 
351 
197 
351 
197 
351 
197 
351 
197 
351 
197 
351 
197 
351 
197 
